1
34.6264 26.6381
35.6238 25.1605
341
**

2
34.6264 24.6100
35.6238 25.1605
60, 251
**

3
34.6264 24.6100
35.6238 24.0605
45
!00229
**

4
34.6264 23.5000
35.6238 24.0605
279
!00237
**

5
37.9386 22.3726
36.5155 22.1141
63
!00237

6
37.9386 22.3726
36.5155 22.9322
69
!00237
**

7
37.9386 21.2632
36.5155 22.1141
125
**

8
37.9386 21.2632 !!
38.2466 21.7345
54
**

9
24.4275 37.9838 !!!!   37.9386  22.9400
22.9322 37.2838        38.2466  21.7345
111
**

37.9386 21.7343
38.2466 22.9322


10
38.3686 21.2632
38.2466 22.9322
31
**

11
38.3686 24.4275
37.9838 22.9322
236
**

12
39.1620 20.7509
38.3686 21.2632
110
**

13
39.6650 20.7509
39.1620 21.2632
57
!00134
!00143

14
39.6252 21.2632
39.1620 23.4000
236
!00143
**

15
39.1620 21.2632
38.3686 22.9421
236
**

16
39.1620 22.9421
38.3686 24.4275
236
**

17
40.3005 20.7509
39.6650 21.2632
109

18
39.6252 20.7509
40.6401 22.9444
147, 99
!00134

19
40.1401 23.5413
41.0909 22.9444
73
!00212
**

20
40.5401 23.5413  / 39,511 23.5413 new region
41.1490 24.1471  / 40,511 24.1471
51                 00212
!00212

21
40.1401 24.1471
41.1490 24.8865
62

22
40.1401 24.8865
41.1490 25.4066
153, ! 43
**


23
40.1401 25.4066
41.1490 25.8740
66 !!

24
40.1401 24.1471
39.9198 25.9740
153
!00212
**

25
39.9198 25.1415
39.1067 26.5572
157
**

26
39.1067 26.5572
38.3682 25.8310
0111
**

27
38.3682 26.9777
37.7547 25.8310
160
!00134

28
37.7547 27.2877
36.8915 25.8310
182, !!270
**

29
37.7547 24.9160
36.3931 25.8310
160, 182, 251

30
37.9838 24.4275
36.3931 24.9160
130
!00229

31
36.6914 24.4275
37.2838 22.9322
279

32
36.6914 24.4275
35.6238 22.9322
279
!00229
!00237

33
36.3931 24.4275
35.6238 25.8310
251

34
35.2005 26.6381
36.4340 28.2176
341
**

35
36.8915 26.6381
36.4340 28.2176
270
**

36
37.9386 21.7343
38.2466 22.9322
111
**